29.89 -18.92 33.70
-79.87 39.70 -51.01
-63.21 31.87 62.35
46.55 44.87 9.18
16.97 -68.22 -37.47
50.09 -42.97 38.78
11.51 -4.64 61.83
75.34 66.37 58.42
97.60 -37.33 -19.74
56.10 81.91 -52.82
-97.98 -69.60 46.79
73.45 -24.59 -66.92
-1.78 -50.71 52.81
-50.14 -3.57 -17.85
-71.87 7.65 -0.07
14.34 67.18 -6.94
5.27 -58.19 2.97
-34.81 -2.71 -5.07
43.10 -53.00 87.67
30.84 -98.97 0.78
-54.01 -35.91 23.10
18.08 -99.64 -0.19
-6.80 -86.32 28.17
62.42 35.68 8.65
-0.39 -36.87 26.07
-0.55 88.46 53.09
-36.90 -71.73 26.41
30.18 4.24 -20.04
-10.27 48.75 -12.28
30.09 43.34 -90.43
-85.05 -21.55 63.52
8.98 18.82 -90.24
-50.52 -71.52 -14.49
71.95 7.91 -9.54
28.23 -91.70 75.36
1.15 -46.13 -99.97
1.73 -43.92 37.26
69.22 89.05 -41.00
-70.36 -74.03 -53.55
-50.92 92.18 50.25
73.84 -99.86 -75.13
16.36 53.95 7.60
-68.84 -52.04 86.86
21.43 88.52 -68.23
-31.07 46.94 -78.73
-20.08 89.98 33.78
-9.41 -17.08 -69.28
68.90 30.61 27.50
-94.70 -57.27 -85.45
1.53 -31.88 34.45
-48.60 -14.10 -14.18
5.97 -97.88 -21.05
39.56 -18.15 68.16
-45.03 88.70 -39.42
60.34 96.17 3.83
-83.30 -76.85 -19.89
88.29 -68.00 87.02
80.60 -50.74 -80.30
-49.29 69.37 -3.70
-13.88 26.75 -98.01
25.84 46.15 94.55
-67.32 74.42 -5.91
35.99 57.46 38.24
-63.68 66.17 -59.67
-32.03 23.07 -51.55
76.22 -13.87 39.37
24.50 8.85 18.80
1.63 -46.67 -79.31
29.23 -43.13 10.03
-6.42 29.98 -0.28
-31.96 76.69 -59.75
-48.28 -68.32 33.23
-94.54 61.59 28.19
-36.92 78.01 -94.59
16.67 26.23 91.91
-69.02 53.13 10.83
1.66 91.39 -76.91
73.49 88.56 -99.19
-20.79 -55.97 -9.25
-41.96 44.57 -19.69
-1.72 -74.21 -20.17
-54.78 -77.24 -7.22
-16.56 -0.58 88.96
67.70 60.42 -3.35
54.69 89.82 19.51
88.21 95.27 -45.79
-11.67 46.67 31.80
-94.23 -87.44 -26.98
60.40 -5.22 17.21
-30.57 -53.37 21.56
83.67 92.95 -66.28
-64.15 97.80 59.12
-84.30 69.87 61.89
26.29 57.24 80.80
52.57 23.31 -18.87
13.01 71.45 75.94
-62.48 49.43 -29.61
-56.93 -95.05 22.42
96.53 83.71 -24.60
37.01 -59.45 -28.46
