1 0.00123943
1 0.00117743
1 0.00112128
1 0.00125965
1 0.00122731
1 0.00114573
1 0.00114951
1 0.00135939
1 0.00185277
1 0.00178427
1 0.00157474
1 0.00142859
1 0.00126742
1 0.00133312
1 0.00148248
1 0.00150447
1 0.0012117
1 0.00142437
1 0.00146305
1 0.00116158
1 0.00109627
1 0.00118928
1 0.00134347
1 0.0014188
1 0.00127262
1 0.00127288
1 0.00138558
1 0.00138618
1 0.001437
1 0.00146135
1 0.00139422
1 0.00153827
1 0.0012344
1 0.00149358
1 0.00135059
1 0.00137521
1 0.00134142
1 0.00115131
1 0.00130675
1 0.00118714
1 0.00160025
1 0.00150865
1 0.00135827
1 0.00148704
1 0.0011114
1 0.00126684
1 0.00113841
1 0.00140888
1 0.0011482
1 0.00138475
1 0.0013009
1 0.00136375
1 0.00135991
1 0.00128091
1 0.00129907
1 0.00117021
1 0.00108697
1 0.00145609
1 0.00113238
1 0.00132304
1 0.00129831
1 0.00116702
1 0.00116347
1 0.00113857
1 0.00131347
1 0.00130853
1 0.00113014
1 0.00106138
1 0.0010573
1 0.00134916
1 0.00143278
1 0.00115674
1 0.0013732
1 0.00133895
1 0.00128694
1 0.00134698
1 0.00139943
1 0.00141895
1 0.00133354
1 0.00132729
1 0.00107923
1 0.00125374
1 0.00141628
1 0.00129327
1 0.00130612
1 0.00131057
1 0.00112944
1 0.00115897
1 0.00110042
1 0.00109973
1 0.0011064
1 0.00109902
1 0.00136872
1 0.00115814
1 0.00140393
1 0.00130034
1 0.00135344
1 0.00133877
1 0.0011631
1 0.00132514
2 0.00147263
2 0.00136006
2 0.00158102
2 0.00140958
2 0.0012219
2 0.00118847
2 0.00120024
2 0.0013652
2 0.00121938
2 0.00121916
2 0.00121444
2 0.00149668
2 0.00161833
2 0.0016131
2 0.00141211
2 0.00120317
2 0.00112231
2 0.00123691
2 0.00109733
2 0.00127009
2 0.00117887
2 0.00106981
2 0.00110164
2 0.00144744
2 0.00142387
2 0.0013054
2 0.00134247
2 0.00118517
2 0.00136271
2 0.00117923
2 0.00128335
2 0.00132508
2 0.0012027
2 0.00133289
2 0.00120333
2 0.00145199
2 0.00143244
2 0.00140637
2 0.00171064
2 0.00121105
2 0.00145099
2 0.00113719
2 0.00133918
2 0.00126549
2 0.00135002
2 0.00138952
2 0.00132436
2 0.00148192
2 0.00131823
2 0.0013525
2 0.00132978
2 0.00124544
2 0.0015888
2 0.0014442
2 0.00128408
2 0.00139891
2 0.00133962
2 0.00132492
2 0.00134375
2 0.00135836
2 0.00130209
2 0.00113471
2 0.00108816
2 0.00109115
2 0.00159821
2 0.00143574
2 0.00111978
2 0.00138384
2 0.00142148
2 0.00149823
2 0.00142111
2 0.00142142
2 0.00115431
2 0.00116458
2 0.00109891
2 0.00111019
2 0.00139115
2 0.00119335
2 0.00134014
2 0.00135935
2 0.00135959
2 0.00146239
2 0.00141707
2 0.00167108
2 0.00135961
2 0.00121235
2 0.00141439
2 0.00145491
2 0.00126756
2 0.00122305
2 0.00113112
2 0.00139218
2 0.00121449
2 0.00110856
2 0.00119104
2 0.0013368
2 0.00121587
2 0.00133705
2 0.001407
2 0.00140155
3 0.00139736
3 0.00146112
3 0.00135666
3 0.00120805
3 0.0013337
3 0.0014973
3 0.00125429
3 0.00128101
3 0.0014185
3 0.00152012
3 0.00132146
3 0.00145938
3 0.00128032
3 0.00135358
3 0.00125679
3 0.00118808
3 0.00159319
3 0.00118468
3 0.00155658
3 0.0013943
3 0.00134276
3 0.00149864
3 0.00136108
3 0.00129677
3 0.00114566
3 0.00118939
3 0.00116696
3 0.00141746
3 0.0012043
3 0.00115798
3 0.00116429
3 0.00125763
3 0.00125744
3 0.00135199
3 0.00139127
3 0.00159843
3 0.00114071
3 0.00154512
3 0.0011473
3 0.00112596
3 0.00136107
3 0.00135074
3 0.0011173
3 0.00148284
3 0.00152923
3 0.00143943
3 0.00146083
3 0.00114043
3 0.00115405
3 0.00131883
3 0.00151326
3 0.00133701
3 0.0014003
3 0.00146115
3 0.0012951
3 0.00117101
3 0.00137881
3 0.0012812
3 0.00160101
3 0.00160783
3 0.00152105
3 0.00147108
3 0.00117935
3 0.00134679
3 0.0014866
3 0.00138584
3 0.00112883
3 0.00121313
3 0.00130796
3 0.00118705
3 0.00161144
3 0.00136417
3 0.00135958
3 0.00164394
3 0.00143275
3 0.00119053
3 0.00139323
3 0.00135141
3 0.0015022
3 0.00139986
3 0.00133063
3 0.00129555
3 0.00144408
3 0.00117628
3 0.00122267
3 0.00134857
3 0.00148991
3 0.00158329
3 0.00133285
3 0.00116519
3 0.00155315
3 0.00111609
3 0.00121632
3 0.00112054
3 0.00126998
3 0.00139505
3 0.00146684
3 0.00148204
3 0.00129299
3 0.00116053
4 0.00130653
4 0.00144754
4 0.00148883
4 0.00141008
4 0.00157409
4 0.00149166
4 0.00158214
4 0.00134635
4 0.00155422
4 0.00141801
4 0.00133677
4 0.0015527
4 0.00135972
4 0.00142146
4 0.00138349
4 0.0013501
4 0.00131391
4 0.00165985
4 0.00141283
4 0.00142344
4 0.00135588
4 0.00132152
4 0.00123631
4 0.00140626
4 0.00166705
4 0.00171039
4 0.00156238
4 0.00144029
4 0.00126623
4 0.00126413
4 0.00139784
4 0.00144436
4 0.00137636
4 0.00161303
4 0.00166018
4 0.00161995
4 0.00148153
4 0.00143545
4 0.00122578
4 0.00142368
4 0.00142099
4 0.00156932
4 0.00136822
4 0.00149019
4 0.00141449
4 0.00136256
4 0.00166768
4 0.00134653
4 0.00127337
4 0.00126925
4 0.00148415
4 0.00122972
4 0.00118641
4 0.00141791
4 0.0015495
4 0.00134437
4 0.00118965
4 0.00165815
4 0.00134978
4 0.00144448
4 0.00142873
4 0.00152931
4 0.0012196
4 0.00155013
4 0.00158918
4 0.00135312
4 0.00127544
4 0.00143278
4 0.00113442
4 0.00152038
4 0.00156777
4 0.0016183
4 0.00154615
4 0.00138169
4 0.00146715
4 0.0016624
4 0.00138592
4 0.00166515
4 0.00159159
4 0.00141797
4 0.00139401
4 0.0015923
4 0.00134562
4 0.00129962
4 0.00123807
4 0.00159344
4 0.00150356
4 0.00148368
4 0.00167311
4 0.00124913
4 0.00146677
4 0.00169451
4 0.00142901
4 0.00147405
4 0.00130846
4 0.00155974
4 0.00160922
4 0.00123048
4 0.00116861
4 0.00135634
5 0.0012845
5 0.00150318
5 0.0012529
5 0.00164772
5 0.00140162
5 0.00147615
5 0.00141637
5 0.00139521
5 0.00161891
5 0.00164127
5 0.00143475
5 0.00143388
5 0.00149361
5 0.00146882
5 0.00172963
5 0.00149376
5 0.00153401
5 0.0015024
5 0.00154428
5 0.00153537
5 0.00142268
5 0.00129066
5 0.00158469
5 0.00143968
5 0.00135055
5 0.00138364
5 0.00151504
5 0.00161509
5 0.00141294
5 0.00153186
5 0.00153132
5 0.00194115
5 0.00198628
5 0.00143614
5 0.00169244
5 0.00144158
5 0.00155672
5 0.00136992
5 0.00154864
5 0.00172993
5 0.00173298
5 0.00150056
5 0.00132288
5 0.00152066
5 0.00164776
5 0.00152617
5 0.00183632
5 0.00141255
5 0.00153649
5 0.00142995
5 0.00140903
5 0.00237175
5 0.00191972
5 0.00140369
5 0.00154444
5 0.00142119
5 0.00252972
5 0.0016136
5 0.00143231
5 0.0013785
5 0.0015236
5 0.00177781
5 0.00171639
5 0.00129604
5 0.00179933
5 0.00142258
5 0.00131083
5 0.00129047
5 0.00127502
5 0.00154496
5 0.00147239
5 0.00141609
5 0.00150382
5 0.00150963
5 0.00130632
5 0.00159114
5 0.00132957
5 0.00177852
5 0.00206173
5 0.00135195
5 0.00153027
5 0.00195752
5 0.0023597
5 0.00153795
5 0.0014984
5 0.00131025
5 0.00120144
5 0.00158436
5 0.00163543
5 0.00158506
5 0.00165351
5 0.00150599
5 0.00189914
5 0.00154517
5 0.00150401
5 0.0014762
5 0.00179618
5 0.00162607
5 0.00173872
5 0.00124497
6 0.00148553
6 0.00171822
6 0.00189274
6 0.00184127
6 0.00141915
6 0.00140622
6 0.00165511
6 0.00213472
6 0.00192658
6 0.00144729
6 0.00157795
6 0.00120903
6 0.00131175
6 0.0014299
6 0.00176417
6 0.00183178
6 0.00172421
6 0.00162344
6 0.00159973
6 0.00174661
6 0.00143023
6 0.00160071
6 0.00145327
6 0.00129734
6 0.00144077
6 0.00141893
6 0.00119601
6 0.00123307
6 0.00132296
6 0.00123013
6 0.00127746
6 0.0011761
6 0.00117153
6 0.00121268
6 0.00140748
6 0.0017555
6 0.00139413
6 0.0017613
6 0.00157134
6 0.00139856
6 0.00119384
6 0.00141952
6 0.00134594
6 0.00109582
6 0.00174348
6 0.00151614
6 0.00129601
6 0.00112899
6 0.00128049
6 0.00126908
6 0.00142416
6 0.00158743
6 0.001538
6 0.0012085
6 0.00117813
6 0.00120646
6 0.00129854
6 0.00123168
6 0.00113831
6 0.0011814
6 0.00114719
6 0.00152182
6 0.00122213
6 0.0012484
6 0.00115249
6 0.00116039
6 0.00124029
6 0.00144919
6 0.00144928
6 0.00142334
6 0.00146567
6 0.00146989
6 0.00102361
6 0.00116569
6 0.00164308
6 0.00134025
6 0.0013319
6 0.00121035
6 0.00124588
6 0.00120748
6 0.00111845
6 0.00109215
6 0.00127672
6 0.00148563
6 0.00115246
6 0.00139109
6 0.00154204
6 0.00128911
6 0.00141472
6 0.00150096
6 0.00133694
6 0.00115279
6 0.00164365
6 0.00106464
6 0.00117373
6 0.00116952
6 0.00133263
6 0.00141244
6 0.00137615
6 0.00183615
7 0.00148569
7 0.00107972
7 0.00108524
7 0.00111462
7 0.00134615
7 0.00144133
7 0.00146744
7 0.00127226
7 0.00136609
7 0.00166126
7 0.00159357
7 0.00175323
7 0.00129321
7 0.00123763
7 0.00130854
7 0.00113175
7 0.00150408
7 0.00173867
7 0.00155932
7 0.00156001
7 0.00158674
7 0.001558
7 0.00133857
7 0.00147188
7 0.00139553
7 0.00158183
7 0.00148114
7 0.00113806
7 0.00118757
7 0.00125699
7 0.00106186
7 0.00103465
7 0.00134694
7 0.00175136
7 0.00131701
7 0.00142528
7 0.00177492
7 0.00128454
7 0.00111438
7 0.00122401
7 0.00125117
7 0.00143842
7 0.00119669
7 0.00131086
7 0.00133621
7 0.00124491
7 0.00120867
7 0.0013519
7 0.00115165
7 0.00132745
7 0.00118849
7 0.00168522
7 0.00189756
7 0.00137081
7 0.00152684
7 0.00158393
7 0.00145394
7 0.00154898
7 0.00193084
7 0.00139477
7 0.00123754
7 0.00107866
7 0.00121478
7 0.00104766
7 0.00163257
7 0.00167442
7 0.00161578
7 0.00155206
7 0.0013805
7 0.00172169
7 0.00124143
7 0.00136538
7 0.00154256
7 0.00187898
7 0.00149535
7 0.00158023
7 0.00152262
7 0.00125856
7 0.00158285
7 0.00153981
7 0.00146575
7 0.001623
7 0.00142899
7 0.00148755
7 0.00166847
7 0.00144087
7 0.00116302
7 0.00132627
7 0.00168472
7 0.00156293
7 0.00139907
7 0.0016216
7 0.00175248
7 0.00132661
7 0.00159322
7 0.00148712
7 0.00147523
7 0.00136655
7 0.00134391
7 0.00180894
8 0.00159097
8 0.00127517
8 0.00162631
8 0.00162405
8 0.00161956
8 0.0018012
8 0.00156354
8 0.00150246
8 0.00160275
8 0.00163159
8 0.0014354
8 0.00132314
8 0.00125019
8 0.00118093
8 0.00120979
8 0.00161574
8 0.00145729
8 0.00142694
8 0.00116028
8 0.00140333
8 0.00121022
8 0.00108774
8 0.00125564
8 0.0015114
8 0.00143823
8 0.00128371
8 0.00152664
8 0.00109833
8 0.00126259
8 0.00128146
8 0.00131276
8 0.00191038
8 0.00164293
8 0.00136495
8 0.00128854
8 0.00146623
8 0.00182363
8 0.00138577
8 0.00189335
8 0.00134827
8 0.00191963
8 0.00188893
8 0.00116441
8 0.00207487
8 0.00186965
8 0.00134428
8 0.00139342
8 0.00151945
8 0.00142732
8 0.00132073
8 0.00143417
8 0.00136782
8 0.00198063
8 0.00140194
8 0.0015747
8 0.0016367
8 0.00139999
8 0.00122559
8 0.00172499
8 0.00134177
8 0.00140964
8 0.00155959
8 0.00188391
8 0.00172406
8 0.00142136
8 0.00132015
8 0.00136632
8 0.00173111
8 0.00163321
8 0.00144611
8 0.00131694
8 0.00135533
8 0.00131858
8 0.00163421
8 0.00153804
8 0.00136631
8 0.00155744
8 0.00149443
8 0.00183967
8 0.00164525
8 0.00163687
8 0.00133913
8 0.00137248
8 0.00173984
8 0.00135291
8 0.00122258
8 0.00113735
8 0.0014881
8 0.00133061
8 0.00136908
8 0.00155944
8 0.00167372
8 0.00151583
8 0.00198247
8 0.00160603
8 0.00186111
8 0.00132731
8 0.00126202
8 0.00137057
8 0.00161128
9 0.00172626
9 0.00183066
9 0.0015341
9 0.00205361
9 0.00164214
9 0.00167095
9 0.00137513
9 0.00165997
9 0.00136861
9 0.00177907
9 0.00150311
9 0.00150761
9 0.00155069
9 0.00167627
9 0.00187997
9 0.00127119
9 0.00128491
9 0.00150147
9 0.00182145
9 0.00131213
9 0.00188447
9 0.00186666
9 0.00197784
9 0.00158839
9 0.00133438
9 0.00153228
9 0.0016082
9 0.00156582
9 0.00174914
9 0.00165105
9 0.00127781
9 0.00129308
9 0.00164407
9 0.00195734
9 0.00144379
9 0.00142349
9 0.00156182
9 0.00130165
9 0.00149957
9 0.00163188
9 0.0012683
9 0.00135901
9 0.00125069
9 0.00148256
9 0.0012422
9 0.0013044
9 0.00142519
9 0.00150299
9 0.00141145
9 0.00177329
9 0.00164091
9 0.0014496
9 0.00141413
9 0.00143412
9 0.00172972
9 0.00143508
9 0.00140054
9 0.00168517
9 0.00166208
9 0.00128466
9 0.00134365
9 0.00123116
9 0.00125662
9 0.00123364
9 0.00182872
9 0.00172434
9 0.00148267
9 0.00182671
9 0.00156277
9 0.00171269
9 0.00151567
9 0.00132351
9 0.00139029
9 0.00142095
9 0.0015844
9 0.00162946
9 0.00142483
9 0.00160168
9 0.00155625
9 0.00126486
9 0.00167947
9 0.00132349
9 0.00179976
9 0.0018265
9 0.00141659
9 0.00175971
9 0.0018599
9 0.00174652
9 0.00186053
9 0.00129734
9 0.00142038
9 0.00156036
9 0.00147824
9 0.00194113
9 0.00139815
9 0.00166959
9 0.00177469
9 0.00162542
9 0.00131832
9 0.00181407
10 0.00176874
10 0.00190962
10 0.00150138
10 0.00191353
10 0.00153017
10 0.0015134
10 0.00150443
10 0.00141493
10 0.00180211
10 0.00208788
10 0.00143786
10 0.0015944
10 0.00181323
10 0.00157927
10 0.00150644
10 0.00164665
10 0.00174063
10 0.00170892
10 0.00161774
10 0.00193016
10 0.00170163
10 0.00181592
10 0.00160429
10 0.0018961
10 0.00187581
10 0.00161966
10 0.00129992
10 0.0018699
10 0.00203011
10 0.00168231
10 0.0015676
10 0.0016318
10 0.00167942
10 0.00135538
10 0.00179066
10 0.002003
10 0.00202785
10 0.00148624
10 0.00154307
10 0.0018014
10 0.00140608
10 0.00154328
10 0.0017591
10 0.00149134
10 0.00160513
10 0.00194507
10 0.00127456
10 0.00174128
10 0.00184255
10 0.00182778
10 0.00165338
10 0.00137136
10 0.00165615
10 0.00188715
10 0.00204103
10 0.00172175
10 0.00166171
10 0.00145913
10 0.00126073
10 0.00120749
10 0.00123019
10 0.00136615
10 0.00137854
10 0.00146859
10 0.00189905
10 0.00165537
10 0.00155091
10 0.00185104
10 0.00150545
10 0.00125766
10 0.0014491
10 0.0017519
10 0.00151725
10 0.00186228
10 0.00156901
10 0.00134918
10 0.00171382
10 0.00162991
10 0.00172119
10 0.00184203
10 0.00151929
10 0.0013673
10 0.0017216
10 0.00169457
10 0.00159077
10 0.00187765
10 0.00185073
10 0.00122744
10 0.00158533
10 0.00192117
10 0.00139344
10 0.00159683
10 0.00188506
10 0.00177831
10 0.00141072
10 0.00173482
10 0.00151681
10 0.0018241
10 0.00178766
10 0.00176983
11 0.00134258
11 0.00136256
11 0.00133102
11 0.00157084
11 0.00150685
11 0.00137165
11 0.00131208
11 0.00145607
11 0.00190951
11 0.00155541
11 0.00162017
11 0.00172631
11 0.00173211
11 0.0018178
11 0.0018605
11 0.00188199
11 0.00162234
11 0.00170749
11 0.00184905
11 0.00170771
11 0.00169123
11 0.00154248
11 0.00162284
11 0.00164511
11 0.00182507
11 0.00174194
11 0.00197744
11 0.00139408
11 0.00166177
11 0.00167571
11 0.00145289
11 0.00165402
11 0.00162264
11 0.00187026
11 0.00197486
11 0.00150791
11 0.0020157
11 0.00179483
11 0.00175366
11 0.00174894
11 0.00161683
11 0.00134576
11 0.00139423
11 0.00146205
11 0.0019476
11 0.001657
11 0.00137233
11 0.00164624
11 0.00136102
11 0.00137391
11 0.00139967
11 0.00143078
11 0.00171807
11 0.00144889
11 0.0013261
11 0.00157655
11 0.0018241
11 0.00132913
11 0.00140324
11 0.00153483
11 0.00178907
11 0.00185546
11 0.00147763
11 0.00150759
11 0.00137901
11 0.00162533
11 0.00155314
11 0.00135364
11 0.00167109
11 0.00205071
11 0.00147977
11 0.00205157
11 0.00160964
11 0.00153711
11 0.00137347
11 0.00134608
11 0.00128789
11 0.00156317
11 0.00190745
11 0.00169936
11 0.00137394
11 0.00139361
11 0.00183656
11 0.0014359
11 0.00178284
11 0.00208112
11 0.00166027
11 0.00186394
11 0.00178981
11 0.00140062
11 0.00157903
11 0.00155271
11 0.00143216
11 0.00165763
11 0.00156386
11 0.00190426
11 0.00196643
11 0.00197902
11 0.00155811
11 0.00181115
12 0.00176133
12 0.00158704
12 0.00205432
12 0.00141537
12 0.00166638
12 0.00198183
12 0.00189311
12 0.00199551
12 0.00159903
12 0.00136921
12 0.00212837
12 0.00191035
12 0.00184395
12 0.00203173
12 0.00198075
12 0.0017882
12 0.00168552
12 0.00167142
12 0.00209699
12 0.00189259
12 0.00141302
12 0.00198358
12 0.00178869
12 0.0016856
12 0.00148134
12 0.00134424
12 0.0018863
12 0.00148023
12 0.00132982
12 0.00129323
12 0.0015833
12 0.0018225
12 0.00179284
12 0.00199286
12 0.00167667
12 0.0015541
12 0.00138956
12 0.00194767
12 0.00163249
12 0.00155438
12 0.00165551
12 0.00174821
12 0.00190875
12 0.00158803
12 0.00169695
12 0.0020855
12 0.00192353
12 0.00175769
12 0.00213717
12 0.00177717
12 0.00183403
12 0.00189455
12 0.00188356
12 0.00196814
12 0.00186907
12 0.00179498
12 0.0016052
12 0.00187624
12 0.00161224
12 0.00155899
12 0.00196441
12 0.00177591
12 0.00185765
12 0.00184682
12 0.00168715
12 0.00198469
12 0.0014324
12 0.00142753
12 0.00185542
12 0.00147559
12 0.00142412
12 0.0017188
12 0.00140841
12 0.00156832
12 0.00164824
12 0.00192987
12 0.00147707
12 0.00168172
12 0.00176236
12 0.00184892
12 0.00195876
12 0.00189507
12 0.00143408
12 0.00136487
12 0.00157319
12 0.00134527
12 0.00139692
12 0.00153767
12 0.0014168
12 0.0019527
12 0.00138295
12 0.00162623
12 0.00179209
12 0.00195944
12 0.00171452
12 0.00161886
12 0.00171145
12 0.0019165
12 0.00147428
12 0.00144142
13 0.00188018
13 0.00200607
13 0.00165155
13 0.00192118
13 0.00191748
13 0.00159143
13 0.00138948
13 0.00159573
13 0.00143658
13 0.00215356
13 0.00191755
13 0.00183008
13 0.00197454
13 0.00175266
13 0.00192428
13 0.00186972
13 0.00168128
13 0.00226111
13 0.00175332
13 0.00138168
13 0.00132551
13 0.00135775
13 0.00146306
13 0.0020796
13 0.00178941
13 0.00159201
13 0.00172323
13 0.00169475
13 0.00181176
13 0.00198874
13 0.00137464
13 0.001666
13 0.00213838
13 0.00197623
13 0.0014231
13 0.00156028
13 0.00179204
13 0.0014422
13 0.00212576
13 0.00200817
13 0.0022251
13 0.00182886
13 0.00204813
13 0.00149119
13 0.00169898
13 0.00175759
13 0.00154104
13 0.00175007
13 0.00165925
13 0.00196193
13 0.00193971
13 0.00183537
13 0.00202216
13 0.00158858
13 0.00146114
13 0.00194918
13 0.00206229
13 0.00203404
13 0.0014269
13 0.00176376
13 0.00143488
13 0.00159398
13 0.00191659
13 0.00142265
13 0.00188767
13 0.00164431
13 0.00178511
13 0.0015131
13 0.00190339
13 0.0018318
13 0.00172183
13 0.00192018
13 0.00161477
13 0.00196358
13 0.00175557
13 0.0015154
13 0.00145244
13 0.00166841
13 0.00172002
13 0.0018498
13 0.00213538
13 0.00183731
13 0.00188377
13 0.0021385
13 0.00192087
13 0.001735
13 0.00186889
13 0.00171923
13 0.00150622
13 0.0017944
13 0.0015216
13 0.00201018
13 0.00178482
13 0.00163036
13 0.00193256
13 0.00216735
13 0.00243052
13 0.00158702
13 0.00185276
13 0.00176763
14 0.00181157
14 0.00150918
14 0.00185806
14 0.00139968
14 0.00177344
14 0.00181861
14 0.00145077
14 0.0017298
14 0.00187923
14 0.00229673
14 0.00221174
14 0.00204631
14 0.00157017
14 0.00194941
14 0.00172048
14 0.00204687
14 0.00175633
14 0.00169086
14 0.001837
14 0.00153558
14 0.00152377
14 0.00171861
14 0.00204132
14 0.00190379
14 0.00185913
14 0.00213612
14 0.00223419
14 0.00204049
14 0.00210128
14 0.00163458
14 0.0018375
14 0.00159052
14 0.00161629
14 0.0013868
14 0.00146618
14 0.00145311
14 0.00178233
14 0.00199324
14 0.0014485
14 0.00146514
14 0.00147319
14 0.00196646
14 0.00162633
14 0.00184004
14 0.00166467
14 0.00139426
14 0.00176402
14 0.00157581
14 0.00148771
14 0.00143394
14 0.00141481
14 0.00143586
14 0.00152116
14 0.00183913
14 0.00154731
14 0.00145562
14 0.00174084
14 0.00166821
14 0.00169712
14 0.00174385
14 0.00161712
14 0.00155788
14 0.00177823
14 0.00181034
14 0.00236198
14 0.00198827
14 0.00197364
14 0.00181508
14 0.00207399
14 0.00209458
14 0.00156244
14 0.00195553
14 0.00176968
14 0.0017331
14 0.00171656
14 0.00200018
14 0.00177774
14 0.00151717
14 0.00200252
14 0.00148895
14 0.00174973
14 0.00148449
14 0.00139893
14 0.00150068
14 0.00198472
14 0.00205591
14 0.00207905
14 0.00216032
14 0.00166562
14 0.00205745
14 0.00155264
14 0.00197283
14 0.0026261
14 0.00162993
14 0.00147703
14 0.00211611
14 0.00216877
14 0.00216472
14 0.00185133
14 0.00198811
15 0.00191896
15 0.00213046
15 0.00157625
15 0.00162615
15 0.00212148
15 0.00200415
15 0.00208835
15 0.00239963
15 0.00213026
15 0.00183375
15 0.00180288
15 0.00162201
15 0.00193729
15 0.00147295
15 0.00150762
15 0.00190974
15 0.00183133
15 0.00165095
15 0.00185104
15 0.00207438
15 0.00208921
15 0.00209739
15 0.0015914
15 0.00205665
15 0.00201127
15 0.00210377
15 0.00176403
15 0.00152527
15 0.00161972
15 0.00208084
15 0.00177055
15 0.00227285
15 0.00175982
15 0.00191562
15 0.00154564
15 0.00205935
15 0.00218859
15 0.00212235
15 0.00209236
15 0.00140555
15 0.00220116
15 0.00190077
15 0.00152225
15 0.00149219
15 0.00158286
15 0.00206336
15 0.00192994
15 0.00188614
15 0.00212534
15 0.0015026
15 0.00183662
15 0.00164623
15 0.00213827
15 0.00205071
15 0.00159581
15 0.00207324
15 0.00156626
15 0.00182816
15 0.00202261
15 0.00168682
15 0.00215687
15 0.00208413
15 0.00164454
15 0.00194491
15 0.00200152
15 0.00185015
15 0.00186059
15 0.00374037
15 0.00210276
15 0.00176935
15 0.00220309
15 0.00157143
15 0.00167088
15 0.00224516
15 0.00176842
15 0.00150852
15 0.00162232
15 0.00168444
15 0.00156356
15 0.00163934
15 0.00183641
15 0.00222458
15 0.00206788
15 0.00165642
15 0.00158097
15 0.00174116
15 0.00183465
15 0.00165056
15 0.0015855
15 0.00167017
15 0.00160842
15 0.00170555
15 0.00169945
15 0.00170967
15 0.00168469
15 0.00193293
15 0.00186413
15 0.00162179
15 0.00177684
15 0.00194966
16 0.00201685
16 0.00156323
16 0.00156465
16 0.00158012
16 0.00202288
16 0.00217233
16 0.00221213
16 0.00235251
16 0.00202227
16 0.00199088
16 0.00176352
16 0.00192292
16 0.00204946
16 0.001993
16 0.0018286
16 0.00203543
16 0.00187825
16 0.00272439
16 0.00198083
16 0.00209024
16 0.00155948
16 0.00185906
16 0.00150272
16 0.00152277
16 0.00201852
16 0.00220856
16 0.00242663
16 0.00177863
16 0.00216653
16 0.00196644
16 0.00176556
16 0.00196047
16 0.00149721
16 0.00211097
16 0.00155835
16 0.00209556
16 0.00181303
16 0.00197506
16 0.00197461
16 0.00159143
16 0.00217709
16 0.00199789
16 0.00190222
16 0.00185404
16 0.00225366
16 0.0016719
16 0.00295826
16 0.0019743
16 0.00203832
16 0.00176135
16 0.00155165
16 0.00194595
16 0.00167476
16 0.00237708
16 0.00188262
16 0.00229492
16 0.00210231
16 0.00212677
16 0.00188565
16 0.0022033
16 0.00212313
16 0.00178178
16 0.00190517
16 0.00204755
16 0.00164706
16 0.00195579
16 0.00159706
16 0.0022406
16 0.00195087
16 0.0021929
16 0.00211442
16 0.00204221
16 0.00159091
16 0.00157724
16 0.00208876
16 0.00228565
16 0.0019819
16 0.00209838
16 0.00187963
16 0.00209627
16 0.00214783
16 0.00149006
16 0.00143189
16 0.0018263
16 0.00179944
16 0.00210469
16 0.0018878
16 0.001916
16 0.00201654
16 0.00184521
16 0.0017949
16 0.001521
16 0.00178905
16 0.00234673
16 0.00198501
16 0.00225084
16 0.00245009
16 0.00201892
16 0.00182069
16 0.00174842
17 0.0017893
17 0.00226181
17 0.00173152
17 0.00210379
17 0.00201571
17 0.00213505
17 0.00215693
17 0.00209024
17 0.00188994
17 0.0017825
17 0.0015558
17 0.00149731
17 0.00191387
17 0.00153702
17 0.00234004
17 0.0019589
17 0.00175199
17 0.00160464
17 0.00176417
17 0.00213331
17 0.00185551
17 0.00146015
17 0.00183289
17 0.00236848
17 0.00184672
17 0.0020237
17 0.00149613
17 0.00343659
17 0.00203237
17 0.0022629
17 0.00183235
17 0.00215636
17 0.00218244
17 0.00193393
17 0.00174749
17 0.00162313
17 0.00208626
17 0.00181718
17 0.00181683
17 0.00189139
17 0.00170676
17 0.00211739
17 0.00194919
17 0.00193889
17 0.00211189
17 0.00180196
17 0.00198681
17 0.00221647
17 0.00210919
17 0.00245961
17 0.00227294
17 0.00190321
17 0.0022804
17 0.00205861
17 0.00161207
17 0.00177711
17 0.00166552
17 0.00185473
17 0.00161417
17 0.00212813
17 0.00193678
17 0.00203214
17 0.00206568
17 0.00185886
17 0.00225289
17 0.00177789
17 0.00153496
17 0.00163549
17 0.00191439
17 0.00218887
17 0.00159784
17 0.00188014
17 0.00191572
17 0.00177664
17 0.00155615
17 0.00175639
17 0.00191366
17 0.00161504
17 0.0016711
17 0.00183465
17 0.00194658
17 0.0021768
17 0.0018398
17 0.00163916
17 0.00213575
17 0.00171183
17 0.00202078
17 0.00146593
17 0.00145482
17 0.00185925
17 0.0022161
17 0.00168264
17 0.00205049
17 0.00286975
17 0.00202339
17 0.00182554
17 0.00171742
17 0.00148003
17 0.00215428
17 0.00233244
18 0.00254391
18 0.0018636
18 0.00175146
18 0.00226062
18 0.00257679
18 0.00176587
18 0.00214677
18 0.00230401
18 0.00220275
18 0.0020308
18 0.00210311
18 0.00189794
18 0.00194012
18 0.00223323
18 0.00248862
18 0.00231122
18 0.00227776
18 0.00194733
18 0.00209597
18 0.00198994
18 0.00219273
18 0.0024895
18 0.00226656
18 0.0021653
18 0.0018932
18 0.00194953
18 0.00196279
18 0.0021782
18 0.00255536
18 0.00176064
18 0.0020815
18 0.00154831
18 0.00201544
18 0.00218279
18 0.0023478
18 0.00204859
18 0.00200482
18 0.00225345
18 0.00184763
18 0.0022495
18 0.00226674
18 0.00172727
18 0.00235413
18 0.00231233
18 0.00185552
18 0.00187135
18 0.00154689
18 0.00176154
18 0.00225726
18 0.00223745
18 0.00207257
18 0.00214666
18 0.00227756
18 0.00160058
18 0.0018026
18 0.00189596
18 0.00205173
18 0.00165627
18 0.00256863
18 0.00208911
18 0.00190094
18 0.00152258
18 0.00176928
18 0.00244039
18 0.00159619
18 0.00200152
18 0.00197017
18 0.00240131
18 0.00212822
18 0.00226863
18 0.00210373
18 0.00180083
18 0.00216127
18 0.00220956
18 0.00148265
18 0.001993
18 0.00153715
18 0.00186139
18 0.00187582
18 0.00260987
18 0.00192873
18 0.00216103
18 0.00226444
18 0.00206647
18 0.00182132
18 0.00152611
18 0.0017384
18 0.00201999
18 0.00227014
18 0.00184254
18 0.0021613
18 0.00182195
18 0.00230042
18 0.00171444
18 0.00236295
18 0.0022306
18 0.00211395
18 0.0019391
18 0.00198986
18 0.0017605
19 0.00187831
19 0.00175058
19 0.00241359
19 0.00244371
19 0.00222535
19 0.00230256
19 0.00211687
19 0.00201586
19 0.0018028
19 0.00159791
19 0.00161765
19 0.00168797
19 0.00205568
19 0.00180067
19 0.00174121
19 0.00170466
19 0.00186701
19 0.00230281
19 0.00181123
19 0.00207415
19 0.0021649
19 0.00206591
19 0.00215345
19 0.00175221
19 0.00239221
19 0.00259479
19 0.00233881
19 0.00222924
19 0.00185004
19 0.00214068
19 0.0016232
19 0.00220806
19 0.00163543
19 0.00162542
19 0.00198068
19 0.00157575
19 0.00224725
19 0.00216235
19 0.00183921
19 0.00161396
19 0.00209114
19 0.00216458
19 0.00224408
19 0.00190284
19 0.00192547
19 0.00211319
19 0.00213792
19 0.00186583
19 0.00160312
19 0.00202154
19 0.00187104
19 0.00172945
19 0.00215524
19 0.00175117
19 0.00178566
19 0.00180321
19 0.00161411
19 0.00155283
19 0.00184998
19 0.00187253
19 0.00160458
19 0.00221936
19 0.00159276
19 0.00191202
19 0.00195679
19 0.00156337
19 0.00179586
19 0.00209072
19 0.00213238
19 0.0017898
19 0.00187578
19 0.00212983
19 0.0024556
19 0.00236956
19 0.00179799
19 0.00169425
19 0.0017174
19 0.00194734
19 0.0019209
19 0.00205505
19 0.00246134
19 0.00213638
19 0.00202274
19 0.00177452
19 0.00173
19 0.00190402
19 0.00209716
19 0.00235041
19 0.00198226
19 0.00179799
19 0.00228145
19 0.00204695
19 0.00208215
19 0.00209102
19 0.00166531
19 0.00164822
19 0.0020761
19 0.00227394
19 0.00219807
19 0.00192067
20 0.00191906
20 0.00209848
20 0.0025994
20 0.00216678
20 0.0019054
20 0.00181116
20 0.00210056
20 0.0023662
20 0.00224765
20 0.00203859
20 0.00199828
20 0.00169178
20 0.00173502
20 0.00206623
20 0.00197455
20 0.00233875
20 0.00221268
20 0.00184348
20 0.00205572
20 0.00229931
20 0.00169216
20 0.00199339
20 0.00231898
20 0.00222146
20 0.00217569
20 0.0024551
20 0.00232522
20 0.00218281
20 0.00223647
20 0.00196996
20 0.00189703
20 0.00174348
20 0.00195534
20 0.00176189
20 0.00195828
20 0.00175241
20 0.0020793
20 0.00211825
20 0.00248099
20 0.00208348
20 0.00199737
20 0.00204744
20 0.00181365
20 0.00180749
20 0.00153039
20 0.00333782
20 0.00239396
20 0.00244459
20 0.00217439
20 0.0023572
20 0.00206205
20 0.00203936
20 0.00227618
20 0.00231708
20 0.00173495
20 0.0023328
20 0.00208884
20 0.00186398
20 0.00201661
20 0.00200412
20 0.00254009
20 0.00215638
20 0.00171356
20 0.00174499
20 0.00193508
20 0.00191859
20 0.0018361
20 0.00196441
20 0.00198333
20 0.00215983
20 0.00220034
20 0.00192613
20 0.00220544
20 0.00203077
20 0.00176299
20 0.00220939
20 0.00170665
20 0.00218173
20 0.00235248
20 0.00205088
20 0.00230176
20 0.00196575
20 0.00220574
20 0.00215415
20 0.00213686
20 0.0023313
20 0.00198429
20 0.00173213
20 0.00227692
20 0.00230848
20 0.00246218
20 0.00202845
20 0.00186896
20 0.0021165
20 0.00215136
20 0.00173334
20 0.00187065
20 0.00169575
20 0.00173384
20 0.001856
21 0.00208446
21 0.00178522
21 0.00203517
21 0.00205305
21 0.00163598
21 0.00175903
21 0.0017168
21 0.0020594
21 0.00252523
21 0.00256655
21 0.00277164
21 0.00222052
21 0.00224804
21 0.00226796
21 0.00209013
21 0.00218448
21 0.0020128
21 0.00192802
21 0.00203203
21 0.00170826
21 0.00218056
21 0.00240158
21 0.00206018
21 0.00205052
21 0.00194454
21 0.00176534
21 0.00221356
21 0.00214889
21 0.00220236
21 0.00229245
21 0.00205382
21 0.00241662
21 0.00278208
21 0.00204004
21 0.00220513
21 0.00162539
21 0.00198533
21 0.0024783
21 0.00206152
21 0.00202835
21 0.00159189
21 0.00169633
21 0.00237534
21 0.00194449
21 0.00217273
21 0.00263703
21 0.00225565
21 0.00187356
21 0.00201183
21 0.0020663
21 0.0016629
21 0.00176966
21 0.00166125
21 0.00197102
21 0.00164461
21 0.00204118
21 0.002172
21 0.00171149
21 0.00223399
21 0.00216236
21 0.00239067
21 0.00158078
21 0.00184167
21 0.00191641
21 0.00201914
21 0.00210732
21 0.00225395
21 0.00164281
21 0.00197322
21 0.00195605
21 0.00193347
21 0.00167447
21 0.00182499
21 0.00240044
21 0.00209341
21 0.00191012
21 0.00207605
21 0.00216008
21 0.00165896
21 0.00160804
21 0.00194053
21 0.00219448
21 0.00185506
21 0.00253877
21 0.00188195
21 0.00189571
21 0.00225072
21 0.00226277
21 0.00177833
21 0.0018345
21 0.00223829
21 0.00204754
21 0.0021344
21 0.00201446
21 0.00208252
21 0.00186822
21 0.00206656
21 0.00173858
21 0.00223695
21 0.00218083
22 0.00172341
22 0.00185356
22 0.00171405
22 0.00233148
22 0.00243188
22 0.0027134
22 0.00225372
22 0.00200124
22 0.00174863
22 0.00211598
22 0.0022182
22 0.00257546
22 0.00187588
22 0.00181686
22 0.00200899
22 0.0021327
22 0.00238438
22 0.00271794
22 0.00192842
22 0.00198316
22 0.00213717
22 0.00221397
22 0.00198055
22 0.00181782
22 0.00213159
22 0.00184059
22 0.00210017
22 0.00209021
22 0.00218881
22 0.00201994
22 0.00176759
22 0.00221689
22 0.0022563
22 0.00191957
22 0.00175858
22 0.00172565
22 0.00235893
22 0.00176905
22 0.00244501
22 0.00174802
22 0.00197332
22 0.00230202
22 0.00231368
22 0.0024476
22 0.00232081
22 0.00200436
22 0.00204408
22 0.00221396
22 0.00231076
22 0.00258749
22 0.0020904
22 0.00247184
22 0.00209103
22 0.00204365
22 0.00205348
22 0.00215778
22 0.00196745
22 0.00194257
22 0.00197378
22 0.0022107
22 0.00226693
22 0.00266103
22 0.00210526
22 0.0023507
22 0.00241676
22 0.00180942
22 0.00234219
22 0.00225858
22 0.00197049
22 0.0018654
22 0.00215005
22 0.00230667
22 0.00242671
22 0.00193415
22 0.00204567
22 0.00230999
22 0.00228452
22 0.00246905
22 0.0019662
22 0.00192776
22 0.00204406
22 0.00218281
22 0.00176596
22 0.00182061
22 0.00201903
22 0.00179404
22 0.00183888
22 0.00211982
22 0.00184467
22 0.00226046
22 0.00250532
22 0.00189594
22 0.00203206
22 0.00234101
22 0.00218338
22 0.00214199
22 0.00187746
22 0.00223074
22 0.00208423
22 0.00166791
23 0.00178619
23 0.00199896
23 0.00208276
23 0.00233708
23 0.00205324
23 0.0024668
23 0.00179955
23 0.00190613
23 0.00209726
23 0.00259538
23 0.00216552
23 0.00200655
23 0.00176051
23 0.0022161
23 0.00212701
23 0.00172407
23 0.00173455
23 0.00174117
23 0.0018053
23 0.00222918
23 0.00210727
23 0.00251903
23 0.00236537
23 0.00214759
23 0.0024795
23 0.00178989
23 0.00219498
23 0.00236501
23 0.00193967
23 0.00199407
23 0.00218263
23 0.00175044
23 0.00243014
23 0.00237218
23 0.00234652
23 0.00178764
23 0.00201532
23 0.00219782
23 0.00179606
23 0.00182272
23 0.00221747
23 0.0021335
23 0.00217699
23 0.00210585
23 0.00199153
23 0.00180468
23 0.00225811
23 0.0021076
23 0.00177054
23 0.00224206
23 0.0017234
23 0.002534
23 0.00207936
23 0.00220467
23 0.00191103
23 0.00224537
23 0.00246822
23 0.00226595
23 0.00243955
23 0.00224579
23 0.00232041
23 0.00181868
23 0.00179471
23 0.00195701
23 0.00208224
23 0.00176369
23 0.00231213
23 0.00203229
23 0.00237911
23 0.0022525
23 0.00224233
23 0.00223965
23 0.00197649
23 0.00197506
23 0.00177773
23 0.00387235
23 0.00180222
23 0.00191773
23 0.00171074
23 0.0023973
23 0.00262071
23 0.00238163
23 0.00237384
23 0.0021473
23 0.00235615
23 0.00224374
23 0.00190386
23 0.00173489
23 0.00169704
23 0.00229362
23 0.00197911
23 0.00238835
23 0.00189536
23 0.00181987
23 0.00199589
23 0.00241868
23 0.00237223
23 0.00215102
23 0.00246097
23 0.00240275
24 0.00230136
24 0.00244388
24 0.00254831
24 0.00203531
24 0.00250276
24 0.00207667
24 0.00263217
24 0.00243553
24 0.0021539
24 0.00227911
24 0.0019437
24 0.00166382
24 0.00212861
24 0.00178023
24 0.00171696
24 0.00227363
24 0.00231938
24 0.0017877
24 0.002324
24 0.00204984
24 0.0022805
24 0.00238899
24 0.00269333
24 0.00203808
24 0.00208771
24 0.00230358
24 0.00216366
24 0.00218586
24 0.00236228
24 0.00242614
24 0.0023722
24 0.0023337
24 0.00199016
24 0.00219725
24 0.00261737
24 0.00256354
24 0.00226012
24 0.00207246
24 0.00195703
24 0.00198856
24 0.00193801
24 0.00201165
24 0.00210492
24 0.00206902
24 0.00216051
24 0.00233636
24 0.0018546
24 0.00215798
24 0.00251918
24 0.00270927
24 0.00261328
24 0.00201621
24 0.00177815
24 0.0025893
24 0.002401
24 0.00271941
24 0.00240186
24 0.00241596
24 0.00236989
24 0.00245839
24 0.00177528
24 0.00180637
24 0.00172691
24 0.0028587
24 0.00210394
24 0.00209749
24 0.00212626
24 0.00234139
24 0.00212447
24 0.0023143
24 0.00223889
24 0.00191993
24 0.00231229
24 0.00234171
24 0.00190272
24 0.00184285
24 0.00273941
24 0.00251416
24 0.00215124
24 0.00257381
24 0.00242696
24 0.00176878
24 0.00223347
24 0.00228278
24 0.00210613
24 0.0020426
24 0.00224489
24 0.00193664
24 0.00205876
24 0.00224295
24 0.002418
24 0.0027736
24 0.00225711
24 0.0023944
24 0.00245815
24 0.00231338
24 0.00218902
24 0.00207429
24 0.00236818
24 0.00208464
25 0.00256265
25 0.00273156
25 0.00233171
25 0.00218191
25 0.00229424
25 0.00240303
25 0.00234002
25 0.0019596
25 0.00181689
25 0.00216132
25 0.00243049
25 0.00249975
25 0.00215537
25 0.00187449
25 0.00182657
25 0.00240243
25 0.00251654
25 0.0024802
25 0.0024328
25 0.00226832
25 0.00193282
25 0.00269877
25 0.00215353
25 0.00247206
25 0.00255419
25 0.00203374
25 0.001933
25 0.00216081
25 0.00180992
25 0.0021113
25 0.00246987
25 0.0024077
25 0.00203937
25 0.00184716
25 0.00217936
25 0.00253543
25 0.00218375
25 0.00278741
25 0.00220757
25 0.00213032
25 0.00238334
25 0.00227833
25 0.00221204
25 0.00219435
25 0.00228979
25 0.00258183
25 0.00232834
25 0.00220015
25 0.00208264
25 0.002091
25 0.00245741
25 0.00231182
25 0.00227876
25 0.002158
25 0.00235442
25 0.00261473
25 0.00241852
25 0.0029155
25 0.00246461
25 0.00208714
25 0.00190235
25 0.00224394
25 0.00265481
25 0.00253162
25 0.00182575
25 0.00247653
25 0.00211309
25 0.00214936
25 0.00246277
25 0.00217311
25 0.00237514
25 0.00184307
25 0.00175392
25 0.00222716
25 0.00251832
25 0.00206473
25 0.00180673
25 0.00221405
25 0.00561523
25 0.00242579
25 0.00243626
25 0.00182539
25 0.00223911
25 0.00231375
25 0.00211779
25 0.00250638
25 0.00226184
25 0.00221719
25 0.00248444
25 0.00194611
25 0.00263059
25 0.0024855
25 0.00194009
25 0.00248912
25 0.00233195
25 0.00254526
25 0.00200319
25 0.00234117
25 0.00261679
25 0.002296
26 0.00206204
26 0.00215833
26 0.00253922
26 0.00194444
26 0.00258382
26 0.00268603
26 0.0025113
26 0.00226455
26 0.00189158
26 0.00259658
26 0.00231494
26 0.00252269
26 0.00196645
26 0.00219977
26 0.00240692
26 0.00223719
26 0.00230935
26 0.00211362
26 0.00183916
26 0.00233147
26 0.00236364
26 0.00218114
26 0.00261062
26 0.00214495
26 0.00248041
26 0.00189015
26 0.00187231
26 0.00192262
26 0.00203493
26 0.00293635
26 0.00209104
26 0.00213396
26 0.00211063
26 0.00240194
26 0.0027768
26 0.00207616
26 0.00217752
26 0.00231255
26 0.00202204
26 0.00216927
26 0.00203097
26 0.0028538
26 0.00205717
26 0.00228406
26 0.00233911
26 0.00247324
26 0.00256678
26 0.00275472
26 0.00245231
26 0.00252484
26 0.00193688
26 0.0021852
26 0.00211941
26 0.00252745
26 0.00215897
26 0.00217273
26 0.00235849
26 0.00208115
26 0.00260337
26 0.00372318
26 0.00238165
26 0.00250043
26 0.00231455
26 0.00183272
26 0.00220872
26 0.00274351
26 0.0026703
26 0.00211492
26 0.00254297
26 0.00247157
26 0.00217799
26 0.00186674
26 0.00230795
26 0.00234099
26 0.00215384
26 0.00251204
26 0.00250766
26 0.0023298
26 0.00214719
26 0.00197578
26 0.00199832
26 0.00243927
26 0.00295664
26 0.00195021
26 0.00213341
26 0.00226251
26 0.00252508
26 0.00213819
26 0.0019054
26 0.00211037
26 0.00250414
26 0.0027833
26 0.00213057
26 0.00232333
26 0.0025388
26 0.0018992
26 0.00223305
26 0.00184296
26 0.0024302
26 0.00207668
27 0.0023984
27 0.00208549
27 0.0024432
27 0.00205324
27 0.00260964
27 0.00267199
27 0.00241564
27 0.00196819
27 0.0025436
27 0.00228005
27 0.00295548
27 0.00226859
27 0.00249936
27 0.00260051
27 0.00208182
27 0.00297311
27 0.00258998
27 0.00216943
27 0.00241742
27 0.00271366
27 0.00195102
27 0.00232962
27 0.00270426
27 0.00268427
27 0.00238984
27 0.00212368
27 0.00186262
27 0.00260605
27 0.00190193
27 0.00242501
27 0.00232896
27 0.00215605
27 0.00184121
27 0.00272098
27 0.00224893
27 0.00253814
27 0.0022706
27 0.0022687
27 0.00204257
27 0.00294855
27 0.00268068
27 0.00250276
27 0.00194841
27 0.00180063
27 0.00234642
27 0.00220625
27 0.0018813
27 0.00231835
27 0.0020959
27 0.00218503
27 0.0027091
27 0.00224115
27 0.00201872
27 0.00257316
27 0.00240996
27 0.00225127
27 0.00217517
27 0.00194312
27 0.00229986
27 0.0024471
27 0.00265943
27 0.00288147
27 0.00248539
27 0.00224056
27 0.00243663
27 0.00239151
27 0.00219467
27 0.00234084
27 0.00254815
27 0.00233005
27 0.00259419
27 0.0026551
27 0.00229766
27 0.00212602
27 0.002457
27 0.00215257
27 0.00233511
27 0.00208146
27 0.00264003
27 0.00185381
27 0.00220157
27 0.00241791
27 0.00198093
27 0.00196465
27 0.00275627
27 0.00274886
27 0.00246887
27 0.00261169
27 0.00213005
27 0.00242685
27 0.00220513
27 0.00258583
27 0.00234435
27 0.00245929
27 0.00228022
27 0.00254706
27 0.0020466
27 0.00197086
27 0.00194233
27 0.00253706
28 0.0024202
28 0.00241714
28 0.00196271
28 0.00186695
28 0.00254728
28 0.00201152
28 0.00185606
28 0.0022943
28 0.00195065
28 0.00255506
28 0.00245536
28 0.00276265
28 0.00272661
28 0.00224335
28 0.00268621
28 0.00243529
28 0.0021267
28 0.00221644
28 0.0019785
28 0.00236051
28 0.00214532
28 0.00240065
28 0.00243349
28 0.00232304
28 0.00224601
28 0.00197378
28 0.00254174
28 0.00222409
28 0.00252374
28 0.00215765
28 0.00268294
28 0.0021214
28 0.00249976
28 0.0026423
28 0.00243786
28 0.00259233
28 0.00279772
28 0.002265
28 0.00212836
28 0.00216901
28 0.00253523
28 0.00200515
28 0.00284352
28 0.0019537
28 0.00231016
28 0.00222452
28 0.00215514
28 0.00282965
28 0.00260083
28 0.00264994
28 0.00285708
28 0.00240083
28 0.00208562
28 0.00205035
28 0.00251731
28 0.00216627
28 0.00193499
28 0.00292772
28 0.00255794
28 0.00203493
28 0.00199318
28 0.00249111
28 0.0024291
28 0.00237621
28 0.00282217
28 0.0026226
28 0.00285035
28 0.00233221
28 0.00221648
28 0.0022046
28 0.00257912
28 0.00232397
28 0.00264256
28 0.00221338
28 0.00238234
28 0.00225581
28 0.00224241
28 0.0024905
28 0.0019656
28 0.00213041
28 0.00203682
28 0.00244304
28 0.0023965
28 0.00198361
28 0.00203286
28 0.00191421
28 0.00200594
28 0.00225365
28 0.00195417
28 0.00196848
28 0.00190323
28 0.00215399
28 0.00272648
28 0.00278325
28 0.00237228
28 0.00190745
28 0.0027988
28 0.00202947
28 0.00195642
28 0.0018878
29 0.00204485
29 0.00271875
29 0.00262757
29 0.00223244
29 0.00253668
29 0.00252073
29 0.00246585
29 0.00232586
29 0.00244687
29 0.00218921
29 0.00231754
29 0.00227997
29 0.00187834
29 0.00288179
29 0.00230451
29 0.00271582
29 0.00376402
29 0.00240318
29 0.00245102
29 0.00247019
29 0.00213573
29 0.00277092
29 0.00192813
29 0.00204842
29 0.00189724
29 0.00196232
29 0.00240666
29 0.00225512
29 0.00263104
29 0.00201414
29 0.00221884
29 0.00191892
29 0.00250731
29 0.00202038
29 0.00245443
29 0.00227299
29 0.00224364
29 0.00203185
29 0.002193
29 0.00271667
29 0.00277943
29 0.00226241
29 0.00257296
29 0.00215577
29 0.00260826
29 0.00228042
29 0.00200242
29 0.00218034
29 0.00223623
29 0.00249456
29 0.00196331
29 0.00205487
29 0.00197486
29 0.00260912
29 0.00262043
29 0.00198273
29 0.00222478
29 0.00251266
29 0.00209076
29 0.00219795
29 0.00198216
29 0.00219299
29 0.00221406
29 0.002323
29 0.00205704
29 0.00182097
29 0.00233861
29 0.00251305
29 0.00298796
29 0.00190296
29 0.00230208
29 0.00203442
29 0.00196464
29 0.00192461
29 0.00232024
29 0.00225236
29 0.00229346
29 0.00217456
29 0.00253718
29 0.00198782
29 0.00286891
29 0.00204544
29 0.00250661
29 0.00240274
29 0.00193006
29 0.0025539
29 0.00236625
29 0.00224368
29 0.00205351
29 0.00257336
29 0.00209871
29 0.00244005
29 0.0023113
29 0.00266674
29 0.00237703
29 0.00239176
29 0.00233195
29 0.00263695
29 0.00242466
29 0.00213335
30 0.00232548
30 0.00260217
30 0.00264555
30 0.00251517
30 0.00231107
30 0.00254839
30 0.00228712
30 0.00234287
30 0.00203296
30 0.00235858
30 0.00273601
30 0.00253425
30 0.00209448
30 0.00224886
30 0.00251353
30 0.00207179
30 0.00256038
30 0.00247038
30 0.00234981
30 0.00260924
30 0.00304777
30 0.00247763
30 0.0026633
30 0.00246635
30 0.00230281
30 0.00230833
30 0.00252431
30 0.00214665
30 0.0024424
30 0.00232844
30 0.00264585
30 0.00235366
30 0.00257771
30 0.00234934
30 0.00278058
30 0.00224646
30 0.0026431
30 0.0019753
30 0.00232539
30 0.00211504
30 0.00234269
30 0.0024968
30 0.00254339
30 0.00244257
30 0.00252073
30 0.00283925
30 0.00199633
30 0.00258532
30 0.00206158
30 0.00234999
30 0.00207883
30 0.00201602
30 0.00226658
30 0.00259748
30 0.00232994
30 0.00193298
30 0.00252071
30 0.00211619
30 0.00207309
30 0.00216479
30 0.00259472
30 0.00226249
30 0.00263928
30 0.00252085
30 0.00246335
30 0.00194608
30 0.0019981
30 0.00212004
30 0.00256004
30 0.00227693
30 0.00238148
30 0.00225338
30 0.00202511
30 0.00252492
30 0.00249799
30 0.00244319
30 0.00218812
30 0.00229849
30 0.00208234
30 0.00233335
30 0.00215083
30 0.00240129
30 0.00197756
30 0.00254304
30 0.00241646
30 0.00213296
30 0.00180526
30 0.00302955
30 0.0026239
30 0.00230023
30 0.00246818
30 0.00207097
30 0.0019167
30 0.00250344
30 0.00263077
30 0.00260102
30 0.00252624
30 0.00194189
30 0.00219981
30 0.00261393
